526	304	479	290
309	287	242	276
296	129	232	112
670	304	620	283
543	211	491	196
449	221	396	207
750	364	707	344
775	46	722	39
845	305	789	281
136	330	61	325
241	311	176	307
250	360	187	356
637	115	584	99
637	115	584	99
397	566	410	565
856	412	809	386
740	108	685	93
538	112	484	96
115	431	66	439
824	128	764	111
445	117	387	101
358	118	295	101
799	367	752	346
262	162	192	150
131	388	60	391
719	88	664	73
762	86	708	73
163	330	90	327
579	247	534	232
256	102	185	83
249	241	182	232
558	130	504	116
864	372	813	348
475	264	427	251
293	100	222	81
835	259	773	241
43	519	62	551
554	265	507	251
519	91	466	74
526	264	481	250
520	132	466	116
372	96	310	78
428	93	370	76
653	301	599	284
719	134	665	118
644	379	602	362
340	97	276	80
248	219	180	206
604	362	563	347
740	436	709	415
778	71	721	58
474	356	430	344
364	568	378	572
364	568	378	572
618	134	564	118
247	196	178	182
148	346	73	343
268	346	206	340
428	126	370	109
562	359	521	345
445	92	388	74
548	70	495	53
799	167	740	152
141	206	64	195
757	165	701	149
430	286	385	275
419	259	368	246
419	259	368	246
349	331	292	322
545	358	504	344
526	358	484	345
355	359	302	351
414	274	367	262
716	165	661	150
940	266	878	247
376	127	314	111
342	128	278	112
931	271	878	247
280	310	211	302
275	99	205	80
598	167	544	151
94	410	25	417
559	165	505	149
355	294	292	282
250	265	183	256
328	359	272	352
616	154	563	138
691	308	636	290
691	308	636	290
873	350	820	327
616	165	562	150
616	165	562	150
791	284	638	264
633	196	580	180
835	82	776	70
375	552	384	554
429	157	563	138
673	280	638	264
376	311	317	300
346	168	281	151
466	155	505	139
577	240	492	226
180	369	112	368
903	378	847	353
166	369	96	369
907	400	852	374
322	611	351	619
876	387	824	363
876	387	824	363
295	128	226	112
732	108	677	94
804	399	759	377
323	369	270	363
323	369	270	363
199	369	134	367
711	363	669	344
237	368	176	365
237	368	176	365
796	390	750	368
747	90	692	77
624	291	582	275
289	257	222	247
283	97	213	78
942	387	883	361
136	190	57	177
309	114	243	97
811	391	763	369
586	345	545	330
306	369	254	363
668	110	614	95
218	377	156	375
298	169	230	154
754	139	698	123
406	344	358	334
949	345	889	320
296	144	228	127
294	114	225	97
251	18	195	167
954	333	892	309
859	372	808	348
117	255	37	248
830	188	771	172
954	333	892	309
182	437	99	445
740	82	685	68
232	453	210	458
688	110	634	95
688	110	634	95
900	302	888	253
900	302	888	253
586	186	533	170
350	318	293	309
944	305	885	283
951	272	888	253
242	26	188	173
93	363	14	365
387	377	341	370
736	187	681	171
257	187	188	173
307	20	253	172
679	383	637	365
293	444	279	446
57	516	86	543
320	354	262	347
65	517	97	544
483	270	439	257
689	362	647	344
584	233	498	218
730	194	675	177
963	356	902	331
350	465	343	464
937	298	879	277
723	139	470	125
317	347	259	340
661	150	413	134
385	117	323	100
731	173	676	157
416	368	370	359
939	337	879	314
741	194	686	178
608	511	603	496
831	175	771	160
549	232	498	218
267	320	203	313
209	203	142	191
401	116	341	99
401	116	341	99
194	66	123	43
266	181	195	167
560	273	518	258
279	181	210	167
526	379	485	366
571	273	518	258
491	346	448	334
727	82	673	68
934	330	875	307
649	258	597	242
492	352	449	339
726	260	672	243
451	349	406	338
528	92	475	76
192	438	165	443
485	236	437	222
575	230	489	215
575	230	489	215
871	334	818	315
367	257	301	245
367	257	685	68
678	349	637	332
926	380	868	354
540	230	489	215
540	230	489	215
654	360	613	343
348	101	285	83
544	92	490	75
668	106	514	92
124	363	48	364
584	239	499	223
918	315	862	293
918	315	862	293
280	352	220	346
802	366	755	345
309	376	257	370
589	274	547	259
913	383	857	357
398	599	421	601
543	354	502	341
304	90	237	71
535	272	489	258
122	502	55	516
941	362	881	337
914	374	857	349
468	240	419	227
450	368	406	358
946	634	945	593
412	348	365	338
366	306	306	297
222	315	158	310
241	74	169	54
44	115	293	309
596	269	551	254
128	252	49	245
128	252	49	245
828	79	769	67
698	361	656	343
550	174	496	159
353	169	289	154
906	372	850	347
584	268	541	254
727	252	672	235
241	353	177	348
285	362	228	357
91	274	10	269
329	89	264	70
259	315	193	308
737	260	683	243
894	324	840	302
479	170	330	157
568	108	514	92
412	587	431	587
825	149	765	134
741	182	686	166
790	365	743	344
926	374	867	349
255	310	189	303
110	370	34	372
869	431	826	405
44	115	293	309
866	335	814	315
733	182	678	166
118	367	42	369
353	343	296	335
908	317	851	296
904	391	849	365
489	627	519	622
428	348	382	338
659	361	618	344
860	369	810	345
931	396	873	370
415	280	367	269
595	542	599	528
425	280	378	269
451	175	394	160
752	128	697	112
326	348	267	340
326	348	267	340
326	348	267	340
326	348	267	340
828	69	769	56
303	554	333	562
295	557	326	566
442	175	385	160
363	49	798	551
542	273	498	258
599	226	513	210
909	311	853	290
457	174	401	159
725	175	670	159
534	181	481	165
867	394	816	369
706	143	455	129
604	357	563	341
783	389	737	366
520	353	477	340
527	218	473	203
527	218	473	203
736	178	681	162
736	178	681	162
901	492	871	462
630	176	577	160
254	112	181	94
556	68	503	52
967	243	901	228
739	72	684	59
284	178	215	163
549	354	507	340
574	80	521	64
525	76	471	59
591	231	504	216
731	256	681	162
250	337	186	332
74	511	22	529
737	77	682	63
942	344	882	320
209	366	145	364
957	270	892	249
476	83	421	66
564	149	511	133
327	351	268	344
252	344	188	339
659	356	618	339
937	355	878	330
937	355	878	330
363	387	318	381
954	352	893	327
286	327	223	320
191	366	125	365
833	340	778	318
667	144	614	129
864	345	813	323
728	34	798	551
357	181	295	167
386	147	325	131
118	68	33	44
587	144	534	129
587	144	534	129
587	144	534	129
948	331	887	307
165	366	95	365
520	76	466	58
914	282	854	262
914	282	854	262
869	362	818	338
731	93	676	79
953	312	891	290
876	277	825	257
876	277	825	257
254	273	187	265
271	93	200	74
458	281	413	269
569	144	515	129
250	454	231	458
958	262	893	242
799	391	752	369
419	146	455	129
419	146	455	129
939	270	877	250
956	300	896	278
374	275	313	264
544	65	492	48
544	65	492	48
435	97	196	86
366	275	304	264
574	285	532	271
920	283	859	262
930	560	913	524
424	150	557	132
608	503	602	487
273	279	206	296
953	359	892	333
440	619	467	617
863	275	800	256
453	254	403	241
375	152	313	136
439	96	381	79
940	350	880	326
911	308	796	321
267	104	196	86
614	265	568	250
471	149	415	133
934	374	875	349
890	311	788	316
540	60	488	43
744	72	689	58
733	240	678	223
733	240	678	223
813	177	754	161
496	362	453	350
936	378	877	352
859	335	796	321
949	389	889	361
510	145	455	129
510	145	455	129
510	145	455	129
182	356	114	354
456	389	416	379
884	289	831	269
878	293	826	272
362	275	300	265
362	275	300	265
292	118	223	100
898	392	844	367
361	271	299	260
361	271	299	260
286	327	223	320
337	372	286	365
903	303	788	316
418	280	371	269
555	231	504	216
952	365	891	339
922	267	866	249
850	275	812	256
391	240	331	228
208	192	141	180
394	449	390	446
945	271	882	251
370	275	309	264
370	275	309	264
483	347	440	335
328	253	263	242
545	98	491	82
32	484	44	511
239	444	218	448
700	270	658	253
500	627	530	621
931	575	918	539
935	573	920	536
935	573	920	536
746	176	690	160
519	300	401	310
382	269	321	258
319	374	267	369
732	249	677	232
732	249	677	232
574	278	532	263
535	302	401	310
938	570	923	534
315	273	249	263
304	149	237	133
525	326	483	312
525	326	483	312
319	572	347	580
732	176	677	160
932	372	873	347
619	337	566	321
836	71	776	59
836	71	776	59
809	176	750	160
940	635	940	595
512	257	464	243
580	299	539	285
110	262	31	257
341	454	273	451
329	372	277	365
490	350	448	338
717	253	662	236
550	61	624	104
472	322	428	310
926	395	869	368
828	271	768	253
278	348	218	342
271	177	201	163
830	207	770	191
749	489	731	466
854	361	804	338
441	265	384	252
396	241	331	228
564	226	513	210
861	320	804	299
923	358	865	333
923	358	865	333
591	113	538	97
689	457	666	438
931	507	901	474
860	364	810	341
439	173	381	158
420	307	374	297
245	371	185	368
328	120	262	103
454	172	397	157
102	370	25	373
449	364	405	354
721	70	667	56
627	174	574	158
627	174	574	158
644	173	591	157
819	396	772	373
89	369	10	372
89	369	10	372
864	362	813	339
859	361	808	338
356	341	299	333
126	232	46	223
509	115	454	99
870	390	818	365
527	91	473	74
379	272	318	260
379	272	318	260
669	348	628	331
669	348	628	331
935	382	876	356
737	63	682	49
140	392	72	395
292	149	222	133
213	205	147	193
292	608	330	620
416	283	369	272
134	197	56	185
133	192	55	180
967	300	906	278
140	387	71	389
371	173	309	158
371	173	309	158
729	69	675	55
376	314	316	304
126	227	45	217
226	356	162	352
401	241	346	228
924	360	866	336
280	183	211	169
909	368	852	343
552	107	498	91
552	107	498	91
496	257	453	243
498	376	456	364
221	297	157	291
745	260	651	241
745	260	651	241
404	364	358	355
594	288	553	273
563	384	524	370
414	241	360	229
347	304	284	294
700	183	646	167
660	349	619	332
791	361	745	340
791	361	745	340
738	144	683	129
738	144	683	129
438	548	444	544
465	622	494	619
442	284	396	272
442	284	396	272
554	65	765	165
130	505	692	77
689	289	636	271
469	623	499	619
647	157	400	144
667	352	625	334
667	352	625	334
143	382	73	383
952	616	946	575
195	374	130	374
541	350	500	336
663	170	609	154
295	321	233	314
366	270	313	259
253	256	186	247
229	360	167	357
351	168	474	122
322	354	264	347
432	88	391	70
255	294	188	287
245	365	185	362
790	258	732	240
948	367	896	285
670	352	628	335
670	352	628	335
345	279	281	268
186	406	130	408
705	258	651	241
668	113	614	98
668	113	614	98
606	184	732	170
906	628	910	591
744	24	690	11
931	572	777	623
260	319	194	313
317	303	252	294
317	303	252	294
340	278	277	267
648	92	397	81
471	339	428	327
401	247	356	234
119	355	42	355
559	288	518	273
559	288	518	273
336	278	272	267
562	181	509	166
278	371	222	367
802	296	648	275
288	455	273	457
344	600	366	606
374	307	313	296
323	278	258	267
361	292	299	276
529	174	475	158
577	632	607	620
879	310	789	308
344	302	281	292
370	115	219	101
942	274	879	253
