   0.0000000e+00   9.0000000e+02   0.0000000e+00   7.3719686e+02   2.8921240e+02
   1.0000000e+02   9.0000000e+02   0.0000000e+00   7.2391818e+02   3.3184730e+02
   2.0000000e+02   9.0000000e+02   0.0000000e+00   7.1053533e+02   3.7435723e+02
   3.0000000e+02   9.0000000e+02   0.0000000e+00   6.9714855e+02   4.1651654e+02
   4.0000000e+02   9.0000000e+02   0.0000000e+00   6.8355030e+02   4.5827902e+02
   5.0000000e+02   9.0000000e+02   0.0000000e+00   6.7003857e+02   4.9953059e+02
   6.0000000e+02   9.0000000e+02   0.0000000e+00   6.5650564e+02   5.4004523e+02
   0.0000000e+00   8.0000000e+02   0.0000000e+00   7.0456613e+02   2.7733457e+02
   1.0000000e+02   8.0000000e+02   0.0000000e+00   6.9107797e+02   3.2128349e+02
   2.0000000e+02   8.0000000e+02   0.0000000e+00   6.7739929e+02   3.6491952e+02
   3.0000000e+02   8.0000000e+02   0.0000000e+00   6.6360962e+02   4.0840724e+02
   4.0000000e+02   8.0000000e+02   0.0000000e+00   6.4979031e+02   4.5136872e+02
   5.0000000e+02   8.0000000e+02   0.0000000e+00   6.3613682e+02   4.9367898e+02
   6.0000000e+02   8.0000000e+02   0.0000000e+00   6.2246103e+02   5.3549773e+02
   0.0000000e+00   7.0000000e+02   0.0000000e+00   6.6998891e+02   2.6458321e+02
   1.0000000e+02   7.0000000e+02   0.0000000e+00   6.5614000e+02   3.0987483e+02
   2.0000000e+02   7.0000000e+02   0.0000000e+00   6.4200604e+02   3.5478697e+02
   3.0000000e+02   7.0000000e+02   0.0000000e+00   6.2804007e+02   3.9955231e+02
   4.0000000e+02   7.0000000e+02   0.0000000e+00   6.1403442e+02   4.4371539e+02
   5.0000000e+02   7.0000000e+02   0.0000000e+00   6.0006411e+02   4.8748606e+02
   6.0000000e+02   7.0000000e+02   0.0000000e+00   5.8623699e+02   5.3037991e+02
   0.0000000e+00   6.0000000e+02   0.0000000e+00   6.3319211e+02   2.5138138e+02
   1.0000000e+02   6.0000000e+02   0.0000000e+00   6.1877621e+02   2.9781936e+02
   2.0000000e+02   6.0000000e+02   0.0000000e+00   6.0450330e+02   3.4429749e+02
   3.0000000e+02   6.0000000e+02   0.0000000e+00   5.9027715e+02   3.9035856e+02
   4.0000000e+02   6.0000000e+02   0.0000000e+00   5.7596022e+02   4.3582354e+02
   5.0000000e+02   6.0000000e+02   0.0000000e+00   5.6179250e+02   4.8070139e+02
   6.0000000e+02   6.0000000e+02   0.0000000e+00   5.4778381e+02   5.2489639e+02
   0.0000000e+00   5.0000000e+02   0.0000000e+00   5.9417721e+02   2.3751488e+02
   1.0000000e+02   5.0000000e+02   0.0000000e+00   5.7951843e+02   2.8544827e+02
   2.0000000e+02   5.0000000e+02   0.0000000e+00   5.6487352e+02   3.3321540e+02
   3.0000000e+02   5.0000000e+02   0.0000000e+00   5.5038815e+02   3.8059220e+02
   4.0000000e+02   5.0000000e+02   0.0000000e+00   5.3577570e+02   4.2751803e+02
   5.0000000e+02   5.0000000e+02   0.0000000e+00   5.2154922e+02   4.7370905e+02
   6.0000000e+02   5.0000000e+02   0.0000000e+00   5.0745238e+02   5.1912634e+02
   0.0000000e+00   4.0000000e+02   0.0000000e+00   5.5268424e+02   2.2274874e+02
   1.0000000e+02   4.0000000e+02   0.0000000e+00   5.3767801e+02   2.7221047e+02
   2.0000000e+02   4.0000000e+02   0.0000000e+00   5.2271138e+02   3.2133348e+02
   3.0000000e+02   4.0000000e+02   0.0000000e+00   5.0800911e+02   3.7019051e+02
   4.0000000e+02   4.0000000e+02   0.0000000e+00   4.9340421e+02   4.1847692e+02
   5.0000000e+02   4.0000000e+02   0.0000000e+00   4.7890251e+02   4.6617119e+02
   6.0000000e+02   4.0000000e+02   0.0000000e+00   4.6472209e+02   5.1264904e+02
   0.0000000e+00   3.0000000e+02   0.0000000e+00   5.0873964e+02   2.0711414e+02
   1.0000000e+02   3.0000000e+02   0.0000000e+00   4.9347229e+02   2.5784060e+02
   2.0000000e+02   3.0000000e+02   0.0000000e+00   4.7821348e+02   3.0846090e+02
   3.0000000e+02   3.0000000e+02   0.0000000e+00   4.6314886e+02   3.5875050e+02
   4.0000000e+02   3.0000000e+02   0.0000000e+00   4.4835951e+02   4.0847135e+02
   5.0000000e+02   3.0000000e+02   0.0000000e+00   4.3370935e+02   4.5751570e+02
   6.0000000e+02   3.0000000e+02   0.0000000e+00   4.1957418e+02   5.0551509e+02
   0.0000000e+00   2.0000000e+02   0.0000000e+00   4.6230363e+02   1.9063819e+02
   1.0000000e+02   2.0000000e+02   0.0000000e+00   4.4643253e+02   2.4287328e+02
   2.0000000e+02   2.0000000e+02   0.0000000e+00   4.3088769e+02   2.9503246e+02
   3.0000000e+02   2.0000000e+02   0.0000000e+00   4.1564176e+02   3.4670987e+02
   4.0000000e+02   2.0000000e+02   0.0000000e+00   4.0069062e+02   3.9799992e+02
   5.0000000e+02   2.0000000e+02   0.0000000e+00   3.8621424e+02   4.4848012e+02
   6.0000000e+02   2.0000000e+02   0.0000000e+00   3.7205581e+02   4.9784649e+02
   0.0000000e+00   1.0000000e+02   0.0000000e+00   4.1329753e+02   1.7377239e+02
   1.0000000e+02   1.0000000e+02   0.0000000e+00   3.9725260e+02   2.2762651e+02
   2.0000000e+02   1.0000000e+02   0.0000000e+00   3.8127143e+02   2.8123303e+02
   3.0000000e+02   1.0000000e+02   0.0000000e+00   3.6577323e+02   3.3442481e+02
   4.0000000e+02   1.0000000e+02   0.0000000e+00   3.5082348e+02   3.8715758e+02
   5.0000000e+02   1.0000000e+02   0.0000000e+00   3.3634422e+02   4.3894772e+02
   6.0000000e+02   1.0000000e+02   0.0000000e+00   3.2213218e+02   4.8983284e+02
   0.0000000e+00   0.0000000e+00   0.0000000e+00   3.6169775e+02   1.5622145e+02
   1.0000000e+02   0.0000000e+00   0.0000000e+00   3.4525824e+02   2.1144215e+02
   2.0000000e+02   0.0000000e+00   0.0000000e+00   3.2924674e+02   2.6649567e+02
   3.0000000e+02   0.0000000e+00   0.0000000e+00   3.1356456e+02   3.2131768e+02
   4.0000000e+02   0.0000000e+00   0.0000000e+00   2.9850456e+02   3.7544073e+02
   5.0000000e+02   0.0000000e+00   0.0000000e+00   2.8394602e+02   4.2862670e+02
   6.0000000e+02   0.0000000e+00   0.0000000e+00   2.6998632e+02   4.8102746e+02
