   0.0000000e+00   9.0000000e+02   0.0000000e+00   6.2025149e+02   2.1178335e+02
   1.0000000e+02   9.0000000e+02   0.0000000e+00   6.2036976e+02   2.4682508e+02
   2.0000000e+02   9.0000000e+02   0.0000000e+00   6.2035083e+02   2.8243681e+02
   3.0000000e+02   9.0000000e+02   0.0000000e+00   6.2026998e+02   3.1844447e+02
   4.0000000e+02   9.0000000e+02   0.0000000e+00   6.2016135e+02   3.5486736e+02
   5.0000000e+02   9.0000000e+02   0.0000000e+00   6.1988366e+02   3.9171260e+02
   6.0000000e+02   9.0000000e+02   0.0000000e+00   6.1959965e+02   4.2864799e+02
   0.0000000e+00   8.0000000e+02   0.0000000e+00   5.8537535e+02   2.1402000e+02
   1.0000000e+02   8.0000000e+02   0.0000000e+00   5.8523148e+02   2.4873489e+02
   2.0000000e+02   8.0000000e+02   0.0000000e+00   5.8499218e+02   2.8386976e+02
   3.0000000e+02   8.0000000e+02   0.0000000e+00   5.8472754e+02   3.1949604e+02
   4.0000000e+02   8.0000000e+02   0.0000000e+00   5.8440507e+02   3.5546563e+02
   5.0000000e+02   8.0000000e+02   0.0000000e+00   5.8398976e+02   3.9181025e+02
   6.0000000e+02   8.0000000e+02   0.0000000e+00   5.8355143e+02   4.2831829e+02
   0.0000000e+00   7.0000000e+02   0.0000000e+00   5.5124813e+02   2.1616784e+02
   1.0000000e+02   7.0000000e+02   0.0000000e+00   5.5080542e+02   2.5049262e+02
   2.0000000e+02   7.0000000e+02   0.0000000e+00   5.5027827e+02   2.8521973e+02
   3.0000000e+02   7.0000000e+02   0.0000000e+00   5.4977918e+02   3.2036048e+02
   4.0000000e+02   7.0000000e+02   0.0000000e+00   5.4930088e+02   3.5591002e+02
   5.0000000e+02   7.0000000e+02   0.0000000e+00   5.4874111e+02   3.9176069e+02
   6.0000000e+02   7.0000000e+02   0.0000000e+00   5.4815544e+02   4.2782958e+02
   0.0000000e+00   6.0000000e+02   0.0000000e+00   5.1782509e+02   2.1848187e+02
   1.0000000e+02   6.0000000e+02   0.0000000e+00   5.1717220e+02   2.5229482e+02
   2.0000000e+02   6.0000000e+02   0.0000000e+00   5.1647695e+02   2.8666779e+02
   3.0000000e+02   6.0000000e+02   0.0000000e+00   5.1584716e+02   3.2134114e+02
   4.0000000e+02   6.0000000e+02   0.0000000e+00   5.1517001e+02   3.5643026e+02
   5.0000000e+02   6.0000000e+02   0.0000000e+00   5.1448100e+02   3.9177835e+02
   6.0000000e+02   6.0000000e+02   0.0000000e+00   5.1372595e+02   4.2735444e+02
   0.0000000e+00   5.0000000e+02   0.0000000e+00   4.8542667e+02   2.2086561e+02
   1.0000000e+02   5.0000000e+02   0.0000000e+00   4.8461780e+02   2.5420058e+02
   2.0000000e+02   5.0000000e+02   0.0000000e+00   4.8374909e+02   2.8804273e+02
   3.0000000e+02   5.0000000e+02   0.0000000e+00   4.8286725e+02   3.2232257e+02
   4.0000000e+02   5.0000000e+02   0.0000000e+00   4.8206760e+02   3.5690457e+02
   5.0000000e+02   5.0000000e+02   0.0000000e+00   4.8121792e+02   3.9185751e+02
   6.0000000e+02   5.0000000e+02   0.0000000e+00   4.8034829e+02   4.2692857e+02
   0.0000000e+00   4.0000000e+02   0.0000000e+00   4.5380410e+02   2.2306682e+02
   1.0000000e+02   4.0000000e+02   0.0000000e+00   4.5277539e+02   2.5602774e+02
   2.0000000e+02   4.0000000e+02   0.0000000e+00   4.5175647e+02   2.8946267e+02
   3.0000000e+02   4.0000000e+02   0.0000000e+00   4.5078408e+02   3.2322423e+02
   4.0000000e+02   4.0000000e+02   0.0000000e+00   4.4978839e+02   3.5734230e+02
   5.0000000e+02   4.0000000e+02   0.0000000e+00   4.4881354e+02   3.9179910e+02
   6.0000000e+02   4.0000000e+02   0.0000000e+00   4.4786026e+02   4.2632485e+02
   0.0000000e+00   3.0000000e+02   0.0000000e+00   4.2305198e+02   2.2514057e+02
   1.0000000e+02   3.0000000e+02   0.0000000e+00   4.2182026e+02   2.5770232e+02
   2.0000000e+02   3.0000000e+02   0.0000000e+00   4.2060721e+02   2.9065860e+02
   3.0000000e+02   3.0000000e+02   0.0000000e+00   4.1945612e+02   3.2395528e+02
   4.0000000e+02   3.0000000e+02   0.0000000e+00   4.1835273e+02   3.5759366e+02
   5.0000000e+02   3.0000000e+02   0.0000000e+00   4.1727620e+02   3.9153856e+02
   6.0000000e+02   3.0000000e+02   0.0000000e+00   4.1622768e+02   4.2563436e+02
   0.0000000e+00   2.0000000e+02   0.0000000e+00   3.9311604e+02   2.2723245e+02
   1.0000000e+02   2.0000000e+02   0.0000000e+00   3.9176253e+02   2.5938150e+02
   2.0000000e+02   2.0000000e+02   0.0000000e+00   3.9036735e+02   2.9184161e+02
   3.0000000e+02   2.0000000e+02   0.0000000e+00   3.8906976e+02   3.2474580e+02
   4.0000000e+02   2.0000000e+02   0.0000000e+00   3.8785619e+02   3.5785572e+02
   5.0000000e+02   2.0000000e+02   0.0000000e+00   3.8667706e+02   3.9129821e+02
   6.0000000e+02   2.0000000e+02   0.0000000e+00   3.8552122e+02   4.2491106e+02
   0.0000000e+00   1.0000000e+02   0.0000000e+00   3.6426076e+02   2.2954508e+02
   1.0000000e+02   1.0000000e+02   0.0000000e+00   3.6273381e+02   2.6122822e+02
   2.0000000e+02   1.0000000e+02   0.0000000e+00   3.6120395e+02   2.9323337e+02
   3.0000000e+02   1.0000000e+02   0.0000000e+00   3.5978745e+02   3.2560381e+02
   4.0000000e+02   1.0000000e+02   0.0000000e+00   3.5839973e+02   3.5831092e+02
   5.0000000e+02   1.0000000e+02   0.0000000e+00   3.5713406e+02   3.9119516e+02
   6.0000000e+02   1.0000000e+02   0.0000000e+00   3.5585941e+02   4.2436447e+02
   0.0000000e+00   0.0000000e+00   0.0000000e+00   3.3623346e+02   2.3172396e+02
   1.0000000e+02   0.0000000e+00   0.0000000e+00   3.3452356e+02   2.6296478e+02
   2.0000000e+02   0.0000000e+00   0.0000000e+00   3.3291118e+02   2.9448992e+02
   3.0000000e+02   0.0000000e+00   0.0000000e+00   3.3140474e+02   3.2636268e+02
   4.0000000e+02   0.0000000e+00   0.0000000e+00   3.2991321e+02   3.5858449e+02
   5.0000000e+02   0.0000000e+00   0.0000000e+00   3.2856309e+02   3.9098715e+02
   6.0000000e+02   0.0000000e+00   0.0000000e+00   3.2723228e+02   4.2364346e+02
