   0.0000000e+00   9.0000000e+02   0.0000000e+00   6.6851641e+02   2.4142746e+02
   1.0000000e+02   9.0000000e+02   0.0000000e+00   6.5644043e+02   2.7862429e+02
   2.0000000e+02   9.0000000e+02   0.0000000e+00   6.4395095e+02   3.1644213e+02
   3.0000000e+02   9.0000000e+02   0.0000000e+00   6.3142356e+02   3.5466957e+02
   4.0000000e+02   9.0000000e+02   0.0000000e+00   6.1849668e+02   3.9336858e+02
   5.0000000e+02   9.0000000e+02   0.0000000e+00   6.0542820e+02   4.3231543e+02
   6.0000000e+02   9.0000000e+02   0.0000000e+00   5.9222456e+02   4.7139715e+02
   0.0000000e+00   8.0000000e+02   0.0000000e+00   6.3570984e+02   2.2559013e+02
   1.0000000e+02   8.0000000e+02   0.0000000e+00   6.2328054e+02   2.6344758e+02
   2.0000000e+02   8.0000000e+02   0.0000000e+00   6.1042049e+02   3.0179299e+02
   3.0000000e+02   8.0000000e+02   0.0000000e+00   5.9739306e+02   3.4064378e+02
   4.0000000e+02   8.0000000e+02   0.0000000e+00   5.8414377e+02   3.7990491e+02
   5.0000000e+02   8.0000000e+02   0.0000000e+00   5.7056540e+02   4.1960441e+02
   6.0000000e+02   8.0000000e+02   0.0000000e+00   5.5698073e+02   4.5942577e+02
   0.0000000e+00   7.0000000e+02   0.0000000e+00   6.0174720e+02   2.0926961e+02
   1.0000000e+02   7.0000000e+02   0.0000000e+00   5.8865806e+02   2.4757087e+02
   2.0000000e+02   7.0000000e+02   0.0000000e+00   5.7538487e+02   2.8651706e+02
   3.0000000e+02   7.0000000e+02   0.0000000e+00   5.6175378e+02   3.2598612e+02
   4.0000000e+02   7.0000000e+02   0.0000000e+00   5.4817147e+02   3.6595119e+02
   5.0000000e+02   7.0000000e+02   0.0000000e+00   5.3430734e+02   4.0634130e+02
   6.0000000e+02   7.0000000e+02   0.0000000e+00   5.2031477e+02   4.4671464e+02
   0.0000000e+00   6.0000000e+02   0.0000000e+00   5.6644623e+02   1.9242882e+02
   1.0000000e+02   6.0000000e+02   0.0000000e+00   5.5270375e+02   2.3128814e+02
   2.0000000e+02   6.0000000e+02   0.0000000e+00   5.3898609e+02   2.7072711e+02
   3.0000000e+02   6.0000000e+02   0.0000000e+00   5.2498383e+02   3.1084195e+02
   4.0000000e+02   6.0000000e+02   0.0000000e+00   5.1069822e+02   3.5146114e+02
   5.0000000e+02   6.0000000e+02   0.0000000e+00   4.9651122e+02   3.9248294e+02
   6.0000000e+02   6.0000000e+02   0.0000000e+00   4.8218781e+02   4.3366749e+02
   0.0000000e+00   5.0000000e+02   0.0000000e+00   5.2992626e+02   1.7531016e+02
   1.0000000e+02   5.0000000e+02   0.0000000e+00   5.1581587e+02   2.1460428e+02
   2.0000000e+02   5.0000000e+02   0.0000000e+00   5.0147260e+02   2.5466056e+02
   3.0000000e+02   5.0000000e+02   0.0000000e+00   4.8689774e+02   2.9542330e+02
   4.0000000e+02   5.0000000e+02   0.0000000e+00   4.7238295e+02   3.3656034e+02
   5.0000000e+02   5.0000000e+02   0.0000000e+00   4.5751446e+02   3.7830839e+02
   6.0000000e+02   5.0000000e+02   0.0000000e+00   4.4278151e+02   4.2016423e+02
   0.0000000e+00   4.0000000e+02   0.0000000e+00   4.9225450e+02   1.5757087e+02
   1.0000000e+02   4.0000000e+02   0.0000000e+00   4.7745421e+02   1.9742592e+02
   2.0000000e+02   4.0000000e+02   0.0000000e+00   4.6255568e+02   2.3802562e+02
   3.0000000e+02   4.0000000e+02   0.0000000e+00   4.4759371e+02   2.7932009e+02
   4.0000000e+02   4.0000000e+02   0.0000000e+00   4.3251368e+02   3.2112890e+02
   5.0000000e+02   4.0000000e+02   0.0000000e+00   4.1735285e+02   3.6345119e+02
   6.0000000e+02   4.0000000e+02   0.0000000e+00   4.0221020e+02   4.0584801e+02
   0.0000000e+00   3.0000000e+02   0.0000000e+00   4.5320504e+02   1.3930831e+02
   1.0000000e+02   3.0000000e+02   0.0000000e+00   4.3791778e+02   1.7952832e+02
   2.0000000e+02   3.0000000e+02   0.0000000e+00   4.2249399e+02   2.2057998e+02
   3.0000000e+02   3.0000000e+02   0.0000000e+00   4.0688950e+02   2.6241992e+02
   4.0000000e+02   3.0000000e+02   0.0000000e+00   3.9142351e+02   3.0472499e+02
   5.0000000e+02   3.0000000e+02   0.0000000e+00   3.7563036e+02   3.4763079e+02
   6.0000000e+02   3.0000000e+02   0.0000000e+00   3.6016878e+02   3.9083913e+02
   0.0000000e+00   2.0000000e+02   0.0000000e+00   4.1301962e+02   1.2053826e+02
   1.0000000e+02   2.0000000e+02   0.0000000e+00   3.9715487e+02   1.6135257e+02
   2.0000000e+02   2.0000000e+02   0.0000000e+00   3.8123996e+02   2.0283018e+02
   3.0000000e+02   2.0000000e+02   0.0000000e+00   3.6516376e+02   2.4520423e+02
   4.0000000e+02   2.0000000e+02   0.0000000e+00   3.4901791e+02   2.8815218e+02
   5.0000000e+02   2.0000000e+02   0.0000000e+00   3.3288848e+02   3.3154963e+02
   6.0000000e+02   2.0000000e+02   0.0000000e+00   3.1678473e+02   3.7542137e+02
   0.0000000e+00   1.0000000e+02   0.0000000e+00   3.7196219e+02   1.0169857e+02
   1.0000000e+02   1.0000000e+02   0.0000000e+00   3.5547681e+02   1.4309824e+02
   2.0000000e+02   1.0000000e+02   0.0000000e+00   3.3882873e+02   1.8497943e+02
   3.0000000e+02   1.0000000e+02   0.0000000e+00   3.2233616e+02   2.2771608e+02
   4.0000000e+02   1.0000000e+02   0.0000000e+00   3.0560375e+02   2.7134135e+02
   5.0000000e+02   1.0000000e+02   0.0000000e+00   2.8918431e+02   3.1526718e+02
   6.0000000e+02   1.0000000e+02   0.0000000e+00   2.7262495e+02   3.5960360e+02
   0.0000000e+00   0.0000000e+00   0.0000000e+00   3.2975534e+02   8.2572673e+01
   1.0000000e+02   0.0000000e+00   0.0000000e+00   3.1264772e+02   1.2424789e+02
   2.0000000e+02   0.0000000e+00   0.0000000e+00   2.9559045e+02   1.6660929e+02
   3.0000000e+02   0.0000000e+00   0.0000000e+00   2.7852229e+02   2.0982311e+02
   4.0000000e+02   0.0000000e+00   0.0000000e+00   2.6141058e+02   2.5382735e+02
   5.0000000e+02   0.0000000e+00   0.0000000e+00   2.4441292e+02   2.9835354e+02
   6.0000000e+02   0.0000000e+00   0.0000000e+00   2.2750516e+02   3.4337101e+02
