   6.4572267e+02   2.2579303e+02   6.4654178e+02   2.7782930e+02   6.4713214e+02   3.3012664e+02   6.4749110e+02   3.8229946e+02   6.4768028e+02   4.3416118e+02   6.4765695e+02   4.8573621e+02   6.4739291e+02   5.3648393e+02
   5.9380480e+02   2.2651540e+02   5.9450658e+02   2.7848702e+02   5.9508105e+02   3.3066771e+02   5.9544479e+02   3.8273262e+02   5.9571563e+02   4.3453785e+02   5.9589503e+02   4.8607070e+02   5.9594437e+02   5.3671004e+02
   5.4187182e+02   2.2728415e+02   5.4246825e+02   2.7910340e+02   5.4280083e+02   3.3107559e+02   5.4326937e+02   3.8299212e+02   5.4369709e+02   4.3469523e+02   5.4406174e+02   4.8597325e+02   5.4433686e+02   5.3655903e+02
   4.9027445e+02   2.2826730e+02   4.9055403e+02   2.7983098e+02   4.9099245e+02   3.3157540e+02   4.9146779e+02   3.8330336e+02   4.9204449e+02   4.3476688e+02   4.9255185e+02   4.8582829e+02   4.9310870e+02   5.3624249e+02
   4.3932714e+02   2.2946165e+02   4.3959222e+02   2.8072977e+02   4.3996745e+02   3.3221792e+02   4.4046386e+02   3.8367649e+02   4.4107755e+02   4.3476968e+02   4.4175198e+02   4.8559493e+02   4.4256451e+02   5.3561579e+02
   3.8904849e+02   2.3066793e+02   3.8915957e+02   2.8160746e+02   3.8953870e+02   3.3273944e+02   3.9018190e+02   3.8377109e+02   3.9085761e+02   4.3460573e+02   3.9170240e+02   4.8506409e+02   3.9272656e+02   5.3470262e+02
   3.3952632e+02   2.3174333e+02   3.3964676e+02   2.8231938e+02   3.3992486e+02   3.3295142e+02   3.4051345e+02   3.8362172e+02   3.4132908e+02   4.3395531e+02   3.4234858e+02   4.8403555e+02   3.4347471e+02   5.3334026e+02
   2.9106965e+02   2.3307396e+02   2.9105903e+02   2.8319681e+02   2.9138729e+02   3.3332225e+02   2.9199333e+02   3.8346167e+02   2.9282956e+02   4.3337742e+02   2.9400392e+02   4.8293269e+02   2.9530380e+02   5.3187206e+02
   2.4408249e+02   2.3465537e+02   2.4406575e+02   2.8427559e+02   2.4426135e+02   3.3386851e+02   2.4481004e+02   3.8348807e+02   2.4576130e+02   4.3293760e+02   2.4699467e+02   4.8191594e+02   2.4846538e+02   5.3052983e+02
   1.9819286e+02   2.3608701e+02   1.9802916e+02   2.8525263e+02   1.9831873e+02   3.3430337e+02   1.9895267e+02   3.8334885e+02   1.9990025e+02   4.3224016e+02   2.0122509e+02   4.8076320e+02   2.0281493e+02   5.2888368e+02
