   8.7541254e+02   2.7363894e+02   8.6206290e+02   3.3628975e+02   8.4900789e+02   3.9361634e+02   8.3650344e+02   4.4668148e+02   8.2460256e+02   4.9547181e+02   8.1330644e+02   5.4041992e+02   8.0242763e+02   5.8171241e+02
   8.1469427e+02   2.5165121e+02   8.0439745e+02   3.1195950e+02   7.9435792e+02   3.6790278e+02   7.8459356e+02   4.1960709e+02   7.7525310e+02   4.6754095e+02   7.6622737e+02   5.1170358e+02   7.5751405e+02   5.5269629e+02
   7.5919536e+02   2.3144984e+02   7.5144653e+02   2.8979184e+02   7.4377854e+02   3.4393922e+02   7.3636074e+02   3.9448574e+02   7.2922682e+02   4.4137031e+02   7.2220078e+02   4.8487581e+02   7.1544710e+02   5.2539333e+02
   7.0822737e+02   2.1349380e+02   7.0258113e+02   2.6964850e+02   6.9705999e+02   3.2226463e+02   6.9160812e+02   3.7138965e+02   6.8632369e+02   4.1725964e+02   6.8117551e+02   4.5998918e+02   6.7611133e+02   4.9974499e+02
   6.6185692e+02   1.9743011e+02   6.5811768e+02   2.5162620e+02   6.5426814e+02   3.0249170e+02   6.5044354e+02   3.5030905e+02   6.4673200e+02   3.9510878e+02   6.4312963e+02   4.3689085e+02   6.3945197e+02   4.7619882e+02
   6.1937797e+02   1.8281652e+02   6.1705041e+02   2.3512654e+02   6.1472142e+02   2.8438830e+02   6.1238735e+02   3.3069945e+02   6.1000761e+02   3.7445532e+02   6.0759525e+02   4.1543713e+02   6.0532179e+02   4.5389001e+02
   5.8033513e+02   1.6942273e+02   5.7926601e+02   2.1966512e+02   5.7805050e+02   2.6742637e+02   5.7690355e+02   3.1245148e+02   5.7567320e+02   3.5499015e+02   5.7444144e+02   3.9508703e+02   5.7321930e+02   4.3284537e+02
   5.4448471e+02   1.5730861e+02   5.4438682e+02   2.0573960e+02   5.4425323e+02   2.5177332e+02   5.4411616e+02   2.9556465e+02   5.4377318e+02   3.3707667e+02   5.4351701e+02   3.7629133e+02   5.4319064e+02   4.1331511e+02
   5.1173292e+02   1.4650609e+02   5.1250927e+02   1.9342224e+02   5.1316958e+02   2.3785139e+02   5.1378746e+02   2.8040757e+02   5.1433626e+02   3.2060587e+02   5.1480877e+02   3.5895909e+02   5.1523832e+02   3.9520032e+02
   4.8152756e+02   1.3664461e+02   4.8297760e+02   1.8180498e+02   4.8435969e+02   2.2492526e+02   4.8567605e+02   2.6619639e+02   4.8695590e+02   3.0541297e+02   4.8807256e+02   3.4263617e+02   4.8907863e+02   3.7812906e+02
