   8.1978475e+02   2.8066239e+02   8.1246290e+02   3.2566604e+02   8.0457501e+02   3.7055357e+02   7.9654754e+02   4.1530738e+02   7.8846453e+02   4.5979617e+02   7.8011211e+02   5.0389090e+02   7.7150749e+02   5.4730366e+02
   7.8540616e+02   2.7255588e+02   7.7762191e+02   3.1857119e+02   7.6968950e+02   3.6469111e+02   7.6159611e+02   4.1054672e+02   7.5338823e+02   4.5633416e+02   7.4469572e+02   5.0150386e+02   7.3619986e+02   5.4608906e+02
   7.4867982e+02   2.6370994e+02   7.4079312e+02   3.1120933e+02   7.3264107e+02   3.5848689e+02   7.2447812e+02   4.0557952e+02   7.1601579e+02   4.5241637e+02   7.0739407e+02   4.9887708e+02   6.9854141e+02   5.4462089e+02
   7.1004015e+02   2.5468021e+02   7.0177601e+02   3.0336225e+02   6.9355897e+02   3.5180710e+02   6.8522946e+02   4.0032506e+02   6.7650547e+02   4.4841706e+02   6.6776909e+02   4.9598959e+02   6.5895338e+02   5.4297190e+02
   6.6921827e+02   2.4537910e+02   6.6082740e+02   2.9523143e+02   6.5238967e+02   3.4511967e+02   6.4364817e+02   3.9482923e+02   6.3507724e+02   4.4416065e+02   6.2630517e+02   4.9310554e+02   6.1737135e+02   5.4119950e+02
   6.2600783e+02   2.3539490e+02   6.1744630e+02   2.8651094e+02   6.0864808e+02   3.3768368e+02   6.0002759e+02   3.8872169e+02   5.9126714e+02   4.3950572e+02   5.8230816e+02   4.8968525e+02   5.7350460e+02   5.3903266e+02
   5.8035495e+02   2.2472004e+02   5.7151602e+02   2.7730683e+02   5.6254165e+02   3.2960082e+02   5.5361589e+02   3.8226614e+02   5.4467963e+02   4.3420400e+02   5.3580502e+02   4.8568292e+02   5.2711981e+02   5.3624121e+02
   5.3218978e+02   2.1373094e+02   5.2286068e+02   2.6751406e+02   5.1376073e+02   3.2147880e+02   5.0476971e+02   3.7522487e+02   4.9578652e+02   4.2862155e+02   4.8705419e+02   4.8131307e+02   4.7836829e+02   5.3319359e+02
   4.8167280e+02   2.0262904e+02   4.7238530e+02   2.5785959e+02   4.6285466e+02   3.1299179e+02   4.5361405e+02   3.6812165e+02   4.4470649e+02   4.2286365e+02   4.3596454e+02   4.7689990e+02   4.2741789e+02   5.3006143e+02
   4.2878112e+02   1.9120749e+02   4.1914359e+02   2.4755194e+02   4.0959249e+02   3.0418048e+02   4.0042616e+02   3.6049856e+02   3.9137895e+02   4.1650659e+02   3.8258657e+02   4.7179122e+02   3.7434648e+02   5.2625756e+02
