   6.9533048e+02   2.5628484e+02   6.9100245e+02   3.0788114e+02   6.8646004e+02   3.5719020e+02   6.8198705e+02   4.0431413e+02   6.7755866e+02   4.4913838e+02   6.7315304e+02   4.9167180e+02   6.6872989e+02   5.3227460e+02
   6.4316527e+02   2.5000841e+02   6.3991501e+02   3.0060101e+02   6.3676602e+02   3.4923390e+02   6.3348394e+02   3.9550681e+02   6.3022957e+02   4.3964451e+02   6.2697963e+02   4.8176085e+02   6.2379643e+02   5.2181229e+02
   5.9284242e+02   2.4393991e+02   5.9081411e+02   2.9360823e+02   5.8860944e+02   3.4129342e+02   5.8650705e+02   3.8677703e+02   5.8439995e+02   4.3047659e+02   5.8226832e+02   4.7197804e+02   5.8020259e+02   5.1153437e+02
   5.4458902e+02   2.3838526e+02   5.4340935e+02   2.8706103e+02   5.4235243e+02   3.3370865e+02   5.4127410e+02   3.7856518e+02   5.4020017e+02   4.2150135e+02   5.3908405e+02   4.6245151e+02   5.3800174e+02   5.0148840e+02
   4.9857708e+02   2.3328481e+02   4.9844114e+02   2.8101888e+02   4.9817587e+02   3.2683329e+02   4.9810301e+02   3.7077205e+02   4.9785472e+02   4.1299758e+02   4.9772427e+02   4.5334072e+02   4.9754593e+02   4.9172914e+02
   4.5467936e+02   2.2844942e+02   4.5530199e+02   2.7518814e+02   4.5596313e+02   3.2001742e+02   4.5665045e+02   3.6328272e+02   4.5736916e+02   4.0459103e+02   4.5804647e+02   4.4436183e+02   4.5872742e+02   4.8228437e+02
   4.1275736e+02   2.2359182e+02   4.1411514e+02   2.6939000e+02   4.1548898e+02   3.1338371e+02   4.1690568e+02   3.5561392e+02   4.1839495e+02   3.9639963e+02   4.1978053e+02   4.3538312e+02   4.2128765e+02   4.7273999e+02
   3.7283207e+02   2.1930036e+02   3.7483170e+02   2.6397917e+02   3.7694069e+02   3.0698990e+02   3.7903158e+02   3.4848992e+02   3.8116110e+02   3.8842555e+02   3.8327875e+02   4.2678924e+02   3.8539000e+02   4.6361557e+02
   3.3525259e+02   2.1556858e+02   3.3779929e+02   2.5915623e+02   3.4036853e+02   3.0123174e+02   3.4309119e+02   3.4183047e+02   3.4576407e+02   3.8109657e+02   3.4847413e+02   4.1870980e+02   3.5118617e+02   4.5497109e+02
   2.9951143e+02   2.1182350e+02   3.0254825e+02   2.5447972e+02   3.0561986e+02   2.9560142e+02   3.0883949e+02   3.3547591e+02   3.1210117e+02   3.7385588e+02   3.1530832e+02   4.1096812e+02   3.1850341e+02   4.4655617e+02
