   7.8910061e+02   2.2854838e+02   7.8933005e+02   2.7892046e+02   7.8906574e+02   3.2945458e+02   7.8855385e+02   3.7993667e+02   7.8767364e+02   4.3016342e+02   7.8649233e+02   4.8016472e+02   7.8501511e+02   5.2935258e+02
   7.4087502e+02   2.2734803e+02   7.4104529e+02   2.7819173e+02   7.4079905e+02   3.2917341e+02   7.4033084e+02   3.8006177e+02   7.3948243e+02   4.3072790e+02   7.3841946e+02   4.8114322e+02   7.3713372e+02   5.3075576e+02
   6.9157740e+02   2.2612788e+02   6.9161541e+02   2.7733917e+02   6.9127997e+02   3.2864011e+02   6.9077458e+02   3.7996406e+02   6.9011632e+02   4.3112144e+02   6.8913630e+02   4.8179783e+02   6.8795891e+02   5.3183291e+02
   6.4126973e+02   2.2507635e+02   6.4108187e+02   2.7663323e+02   6.4079043e+02   3.2830522e+02   6.4035881e+02   3.7996719e+02   6.3974290e+02   4.3139347e+02   6.3893119e+02   4.8244526e+02   6.3798358e+02   5.3282616e+02
   5.9040195e+02   2.2427189e+02   5.9023786e+02   2.7608832e+02   5.8978511e+02   3.2806676e+02   5.8941948e+02   3.8006338e+02   5.8883106e+02   4.3174803e+02   5.8826428e+02   4.8310882e+02   5.8746469e+02   5.3363934e+02
   5.3873149e+02   2.2346317e+02   5.3838453e+02   2.7543705e+02   5.3810401e+02   3.2774264e+02   5.3771191e+02   3.7987290e+02   5.3731642e+02   4.3181940e+02   5.3680015e+02   4.8336371e+02   5.3636700e+02   5.3409834e+02
   4.8662801e+02   2.2254460e+02   4.8623907e+02   2.7475649e+02   4.8574447e+02   3.2707541e+02   4.8540065e+02   3.7943784e+02   4.8514413e+02   4.3143001e+02   4.8479500e+02   4.8316869e+02   4.8453885e+02   5.3409358e+02
   4.3430897e+02   2.2191491e+02   4.3368868e+02   2.7422370e+02   4.3327340e+02   3.2659158e+02   4.3294460e+02   3.7896596e+02   4.3272021e+02   4.3114783e+02   4.3267224e+02   4.8276248e+02   4.3267143e+02   5.3381173e+02
   3.8242038e+02   2.2175101e+02   3.8160700e+02   2.7401451e+02   3.8108345e+02   3.2634187e+02   3.8076911e+02   3.7865716e+02   3.8071422e+02   4.3081629e+02   3.8077767e+02   4.8245685e+02   3.8111186e+02   5.3359071e+02
   3.3061842e+02   2.2157409e+02   3.2973126e+02   2.7370082e+02   3.2925538e+02   3.2597906e+02   3.2903378e+02   3.7823853e+02   3.2903046e+02   4.3028076e+02   3.2930478e+02   4.8180568e+02   3.2975135e+02   5.3285453e+02
